100962	0	1	1	1	1	1	1	1	0	100962.jpg
121005	0	1	1	1	1	1	1	1	0	121005.jpg
134375	0	1	1	1	1	1	1	1	0	134375.jpg
14033	0	1	1	1	1	1	1	1	0	14033.jpg
145560	0	1	1	1	1	1	1	1	0	145560.jpg
147584	0	1	1	1	1	1	1	1	0	147584.jpg
15749	0	1	1	1	1	1	1	1	0	15749.jpg
163193	0	1	1	1	1	1	1	1	0	163193.jpg
1643	0	1	1	1	1	1	1	1	0	1643.jpg
185177	0	1	1	1	1	1	1	1	0	185177.jpg
185937	0	1	1	1	1	1	1	1	0	185937.jpg
198453	0	1	1	1	1	1	1	1	0	198453.jpg
213116	0	1	1	1	1	1	1	1	0	213116.jpg
223113	0	1	1	1	1	1	1	1	0	223113.jpg
225910	0	1	1	1	1	1	1	1	0	225910.jpg
227692	0	1	1	1	1	1	1	1	0	227692.jpg
253623	0	1	1	1	1	1	1	1	0	253623.jpg
256861	0	1	1	1	1	1	1	1	0	256861.jpg
260929	0	1	1	1	1	1	1	1	0	260929.jpg
271769	0	1	1	1	1	1	1	1	0	271769.jpg
272688	0	1	1	1	1	1	1	1	0	272688.jpg
27524	0	1	1	1	1	1	1	1	0	27524.jpg
278910	0	1	1	1	1	1	1	1	0	278910.jpg
287807	0	1	1	1	1	1	1	1	0	287807.jpg
291366	0	1	1	1	1	1	1	1	0	291366.jpg
31118	0	1	1	1	1	1	1	1	0	31118.jpg
317910	0	1	1	1	1	1	1	1	0	317910.jpg
322375	0	1	1	1	1	1	1	1	0	322375.jpg
324104	0	1	1	1	1	1	1	1	0	324104.jpg
325966	0	1	1	1	1	1	1	1	0	325966.jpg
340255	0	1	1	1	1	1	1	1	0	340255.jpg
342004	0	1	1	1	1	1	1	1	0	342004.jpg
358271	0	1	1	1	1	1	1	1	0	358271.jpg
360032	0	1	1	1	1	1	1	1	0	360032.jpg
366693	0	1	1	1	1	1	1	1	0	366693.jpg
368729	0	1	1	1	1	1	1	1	0	368729.jpg
37252	0	1	1	1	1	1	1	1	0	37252.jpg
402724	0	1	1	1	1	1	1	1	0	402724.jpg
407856	0	1	1	1	1	1	1	1	0	407856.jpg
430896	0	1	1	1	1	1	1	1	0	430896.jpg
431071	0	1	1	1	1	1	1	1	0	431071.jpg
437834	0	1	1	1	1	1	1	1	0	437834.jpg
438623	0	1	1	1	1	1	1	1	0	438623.jpg
447813	0	1	1	1	1	1	1	1	0	447813.jpg
449614	0	1	1	1	1	1	1	1	0	449614.jpg
458240	0	1	1	1	1	1	1	1	0	458240.jpg
57014	0	1	1	1	1	1	1	1	0	57014.jpg
68029	0	1	1	1	1	1	1	1	0	68029.jpg
80591	0	1	1	1	1	1	1	1	0	80591.jpg
84772	0	1	1	1	1	1	1	1	0	84772.jpg
86549	0	1	1	1	1	1	1	1	0	86549.jpg
91091	0	1	1	1	1	1	1	1	0	91091.jpg
93860	0	1	1	1	1	1	1	1	0	93860.jpg
94438	0	1	1	1	1	1	1	1	0	94438.jpg
114340	1	1	0	0	0	0	1	0	1	114340.jpg
20346	1	1	0	0	0	0	1	0	1	20346.jpg
280304	1	1	0	0	0	0	1	0	1	280304.jpg
298536	1	1	0	0	0	0	1	0	1	298536.jpg
308694	1	1	0	0	0	0	1	0	1	308694.jpg
349310	1	1	0	0	0	0	1	0	1	349310.jpg
407838	1	1	0	0	0	0	1	0	1	407838.jpg
83969	1	1	0	0	0	0	1	0	1	83969.jpg
8457	1	1	0	0	0	0	1	0	1	8457.jpg
103346	0	1	1	0	1	1	1	0	0	103346.jpg
111984	0	1	1	0	1	1	1	0	0	111984.jpg
160313	0	1	1	0	1	1	1	0	0	160313.jpg
163591	0	1	1	0	1	1	1	0	0	163591.jpg
171585	0	1	1	0	1	1	1	0	0	171585.jpg
244095	0	1	1	0	1	1	1	0	0	244095.jpg
273407	0	1	1	0	1	1	1	0	0	273407.jpg
282412	0	1	1	0	1	1	1	0	0	282412.jpg
29809	0	1	1	0	1	1	1	0	0	29809.jpg
326008	0	1	1	0	1	1	1	0	0	326008.jpg
336277	0	1	1	0	1	1	1	0	0	336277.jpg
341947	0	1	1	0	1	1	1	0	0	341947.jpg
359420	0	1	1	0	1	1	1	0	0	359420.jpg
396253	0	1	1	0	1	1	1	0	0	396253.jpg
414443	0	1	1	0	1	1	1	0	0	414443.jpg
417720	0	1	1	0	1	1	1	0	0	417720.jpg
42330	0	1	1	0	1	1	1	0	0	42330.jpg
443390	0	1	1	0	1	1	1	0	0	443390.jpg
463305	0	1	1	0	1	1	1	0	0	463305.jpg
46472	0	1	1	0	1	1	1	0	0	46472.jpg
59881	0	1	1	0	1	1	1	0	0	59881.jpg
75316	0	1	1	0	1	1	1	0	0	75316.jpg
118251	1	0	0	0	0	0	1	0	1	118251.jpg
148347	1	0	0	0	0	0	1	0	1	148347.jpg
219940	1	0	0	0	0	0	1	0	1	219940.jpg
274598	1	0	0	0	0	0	1	0	1	274598.jpg
27517	1	0	0	0	0	0	1	0	1	27517.jpg
372657	1	0	0	0	0	0	1	0	1	372657.jpg
433559	1	0	0	0	0	0	1	0	1	433559.jpg
435928	1	0	0	0	0	0	1	0	1	435928.jpg
461006	1	0	0	0	0	0	1	0	1	461006.jpg
85382	1	0	0	0	0	0	1	0	1	85382.jpg
8578	1	0	0	0	0	0	1	0	1	8578.jpg
104459	0	0	1	1	0	1	1	0	0	104459.jpg
106872	0	0	1	1	0	1	1	0	0	106872.jpg
116870	0	0	1	1	0	1	1	0	0	116870.jpg
119918	0	0	1	1	0	1	1	0	0	119918.jpg
127752	0	0	1	1	0	1	1	0	0	127752.jpg
130561	0	0	1	1	0	1	1	0	0	130561.jpg
133362	0	0	1	1	0	1	1	0	0	133362.jpg
13690	0	0	1	1	0	1	1	0	0	13690.jpg
139209	0	0	1	1	0	1	1	0	0	139209.jpg
14107	0	0	1	1	0	1	1	0	0	14107.jpg
144519	0	0	1	1	0	1	1	0	0	144519.jpg
151167	0	0	1	1	0	1	1	0	0	151167.jpg
152895	0	0	1	1	0	1	1	0	0	152895.jpg
157858	0	0	1	1	0	1	1	0	0	157858.jpg
168748	0	0	1	1	0	1	1	0	0	168748.jpg
170572	0	0	1	1	0	1	1	0	0	170572.jpg
171382	0	0	1	1	0	1	1	0	0	171382.jpg
173305	0	0	1	1	0	1	1	0	0	173305.jpg
179816	0	0	1	1	0	1	1	0	0	179816.jpg
185385	0	0	1	1	0	1	1	0	0	185385.jpg
188016	0	0	1	1	0	1	1	0	0	188016.jpg
188395	0	0	1	1	0	1	1	0	0	188395.jpg
19350	0	0	1	1	0	1	1	0	0	19350.jpg
205650	0	0	1	1	0	1	1	0	0	205650.jpg
208597	0	0	1	1	0	1	1	0	0	208597.jpg
215460	0	0	1	1	0	1	1	0	0	215460.jpg
220314	0	0	1	1	0	1	1	0	0	220314.jpg
221505	0	0	1	1	0	1	1	0	0	221505.jpg
22608	0	0	1	1	0	1	1	0	0	22608.jpg
226122	0	0	1	1	0	1	1	0	0	226122.jpg
226912	0	0	1	1	0	1	1	0	0	226912.jpg
240493	0	0	1	1	0	1	1	0	0	240493.jpg
24888	0	0	1	1	0	1	1	0	0	24888.jpg
266636	0	0	1	1	0	1	1	0	0	266636.jpg
26800	0	0	1	1	0	1	1	0	0	26800.jpg
295448	0	0	1	1	0	1	1	0	0	295448.jpg
301779	0	0	1	1	0	1	1	0	0	301779.jpg
30525	0	0	1	1	0	1	1	0	0	30525.jpg
310797	0	0	1	1	0	1	1	0	0	310797.jpg
319445	0	0	1	1	0	1	1	0	0	319445.jpg
323198	0	0	1	1	0	1	1	0	0	323198.jpg
331148	0	0	1	1	0	1	1	0	0	331148.jpg
351906	0	0	1	1	0	1	1	0	0	351906.jpg
361862	0	0	1	1	0	1	1	0	0	361862.jpg
372371	0	0	1	1	0	1	1	0	0	372371.jpg
374320	0	0	1	1	0	1	1	0	0	374320.jpg
382316	0	0	1	1	0	1	1	0	0	382316.jpg
386880	0	0	1	1	0	1	1	0	0	386880.jpg
393247	0	0	1	1	0	1	1	0	0	393247.jpg
396734	0	0	1	1	0	1	1	0	0	396734.jpg
411981	0	0	1	1	0	1	1	0	0	411981.jpg
415088	0	0	1	1	0	1	1	0	0	415088.jpg
416053	0	0	1	1	0	1	1	0	0	416053.jpg
418528	0	0	1	1	0	1	1	0	0	418528.jpg
422739	0	0	1	1	0	1	1	0	0	422739.jpg
438525	0	0	1	1	0	1	1	0	0	438525.jpg
444384	0	0	1	1	0	1	1	0	0	444384.jpg
44759	0	0	1	1	0	1	1	0	0	44759.jpg
452950	0	0	1	1	0	1	1	0	0	452950.jpg
453987	0	0	1	1	0	1	1	0	0	453987.jpg
467378	0	0	1	1	0	1	1	0	0	467378.jpg
471592	0	0	1	1	0	1	1	0	0	471592.jpg
49510	0	0	1	1	0	1	1	0	0	49510.jpg
4959	0	0	1	1	0	1	1	0	0	4959.jpg
62390	0	0	1	1	0	1	1	0	0	62390.jpg
65219	0	0	1	1	0	1	1	0	0	65219.jpg
65634	0	0	1	1	0	1	1	0	0	65634.jpg
83401	0	0	1	1	0	1	1	0	0	83401.jpg
88624	0	0	1	1	0	1	1	0	0	88624.jpg
96253	0	0	1	1	0	1	1	0	0	96253.jpg
104279	0	1	1	1	0	1	1	0	0	104279.jpg
133393	0	1	1	1	0	1	1	0	0	133393.jpg
141008	0	1	1	1	0	1	1	0	0	141008.jpg
143412	0	1	1	1	0	1	1	0	0	143412.jpg
151345	0	1	1	1	0	1	1	0	0	151345.jpg
16220	0	1	1	1	0	1	1	0	0	16220.jpg
180625	0	1	1	1	0	1	1	0	0	180625.jpg
217329	0	1	1	1	0	1	1	0	0	217329.jpg
226696	0	1	1	1	0	1	1	0	0	226696.jpg
230215	0	1	1	1	0	1	1	0	0	230215.jpg
232258	0	1	1	1	0	1	1	0	0	232258.jpg
261701	0	1	1	1	0	1	1	0	0	261701.jpg
262078	0	1	1	1	0	1	1	0	0	262078.jpg
272042	0	1	1	1	0	1	1	0	0	272042.jpg
278108	0	1	1	1	0	1	1	0	0	278108.jpg
280123	0	1	1	1	0	1	1	0	0	280123.jpg
283538	0	1	1	1	0	1	1	0	0	283538.jpg
287337	0	1	1	1	0	1	1	0	0	287337.jpg
287385	0	1	1	1	0	1	1	0	0	287385.jpg
299604	0	1	1	1	0	1	1	0	0	299604.jpg
327546	0	1	1	1	0	1	1	0	0	327546.jpg
33592	0	1	1	1	0	1	1	0	0	33592.jpg
341106	0	1	1	1	0	1	1	0	0	341106.jpg
344000	0	1	1	1	0	1	1	0	0	344000.jpg
350413	0	1	1	1	0	1	1	0	0	350413.jpg
353163	0	1	1	1	0	1	1	0	0	353163.jpg
354329	0	1	1	1	0	1	1	0	0	354329.jpg
388225	0	1	1	1	0	1	1	0	0	388225.jpg
390299	0	1	1	1	0	1	1	0	0	390299.jpg
399038	0	1	1	1	0	1	1	0	0	399038.jpg
417121	0	1	1	1	0	1	1	0	0	417121.jpg
436200	0	1	1	1	0	1	1	0	0	436200.jpg
440528	0	1	1	1	0	1	1	0	0	440528.jpg
448733	0	1	1	1	0	1	1	0	0	448733.jpg
45340	0	1	1	1	0	1	1	0	0	45340.jpg
467463	0	1	1	1	0	1	1	0	0	467463.jpg
90597	0	1	1	1	0	1	1	0	0	90597.jpg
119062	0	1	1	0	1	1	1	0	0	119062.jpg
128267	0	1	1	0	1	1	1	0	0	128267.jpg
139525	0	1	1	0	1	1	1	0	0	139525.jpg
158069	0	1	1	0	1	1	1	0	0	158069.jpg
159077	0	1	1	0	1	1	1	0	0	159077.jpg
187102	0	1	1	0	1	1	1	0	0	187102.jpg
194174	0	1	1	0	1	1	1	0	0	194174.jpg
199871	0	1	1	0	1	1	1	0	0	199871.jpg
23262	0	1	1	0	1	1	1	0	0	23262.jpg
242073	0	1	1	0	1	1	1	0	0	242073.jpg
256236	0	1	1	0	1	1	1	0	0	256236.jpg
269241	0	1	1	0	1	1	1	0	0	269241.jpg
285489	0	1	1	0	1	1	1	0	0	285489.jpg
296370	0	1	1	0	1	1	1	0	0	296370.jpg
300688	0	1	1	0	1	1	1	0	0	300688.jpg
302668	0	1	1	0	1	1	1	0	0	302668.jpg
33911	0	1	1	0	1	1	1	0	0	33911.jpg
357465	0	1	1	0	1	1	1	0	0	357465.jpg
362959	0	1	1	0	1	1	1	0	0	362959.jpg
373990	0	1	1	0	1	1	1	0	0	373990.jpg
374218	0	1	1	0	1	1	1	0	0	374218.jpg
407910	0	1	1	0	1	1	1	0	0	407910.jpg
410571	0	1	1	0	1	1	1	0	0	410571.jpg
426284	0	1	1	0	1	1	1	0	0	426284.jpg
435746	0	1	1	0	1	1	1	0	0	435746.jpg
445530	0	1	1	0	1	1	1	0	0	445530.jpg
448509	0	1	1	0	1	1	1	0	0	448509.jpg
461352	0	1	1	0	1	1	1	0	0	461352.jpg
63309	0	1	1	0	1	1	1	0	0	63309.jpg
69946	0	1	1	0	1	1	1	0	0	69946.jpg
70950	0	1	1	0	1	1	1	0	0	70950.jpg
82622	0	1	1	0	1	1	1	0	0	82622.jpg
